image_width: 1280
image_height: 1024
camera_name: pylon_camera
camera_matrix:
  rows: 3
  cols: 3
  data: [1451.8471216, 0.000000, 607.60040739, 0.000000, 1451.28612989, 500.03731158, 0.000000, 0.000000, 1.000000]
# fx​,0,cx​;0,fy​,cy​;0,0,1
distortion_model: plumb_bob
distortion_coefficients:
  rows: 1
  cols: 5
  data: [-0.13401244, 0.27856897 ,-0.00163385 ,-0.00185202, 0.000000]
rectification_matrix:
  rows: 3
  cols: 3
  data: [1.000000, 0.000000, 0.000000, 0.000000, 1.000000, 0.000000, 0.000000, 0.000000, 1.000000]
projection_matrix:
  rows: 3
  cols: 4
  data: [1451.8471216, 0.000000, 607.60040739, 0.000000, 0.000000, 1451.28612989, 500.03731158, 0.000000, 0.000000, 0.000000, 1.000000, 0.000000]
