image_width: 1280
image_height: 1024
camera_name: pylon_camera
camera_matrix:
  rows: 3
  cols: 3
  data: [1548.62710993, 0.000000, 614.41960658, 0.000000, 1548.53141462, 515.59187559, 0.000000, 0.000000, 1.000000]
# fx​,0,cx​;0,fy​,cy​;0,0,1
distortion_model: plumb_bob
distortion_coefficients:
  rows: 1
  cols: 5
  data: [-0.09370557,0.17895836 ,0.00183757 ,-0.00111102, 0.000000]
rectification_matrix:
  rows: 3
  cols: 3
  data: [1.000000, 0.000000, 0.000000, 0.000000, 1.000000, 0.000000, 0.000000, 0.000000, 1.000000]
projection_matrix:
  rows: 3
  cols: 4
  data: [1548.62710993, 0.000000, 614.41960658, 0.000000, 0.000000, 1548.53141462, 515.59187559, 0.000000, 0.000000, 0.000000, 1.000000, 0.000000]
