image_width: 1280
image_height: 1024
camera_name: pylon_camera
camera_matrix:
  rows: 3
  cols: 3
  data: [1570.98014478, 0.000000, 632.40589927, 0.000000, 1571.62461116  , 518.88964133, 0.000000, 0.000000, 1.000000]
# fx​,0,cx​;0,fy​,cy​;0,0,1
distortion_model: plumb_bob
distortion_coefficients:
  rows: 1
  cols: 5
  data: [-0.05698935,0.16961489 ,-0.00022968 ,-0.00176055, 0.000000]
rectification_matrix:
  rows: 3
  cols: 3
  data: [1.000000, 0.000000, 0.000000, 0.000000, 1.000000, 0.000000, 0.000000, 0.000000, 1.000000]
projection_matrix:
  rows: 3
  cols: 4
  data: [1570.98014478, 0.000000, 632.40589927, 0.000000, 0.000000, 1571.62461116  , 518.88964133, 0.000000, 0.000000, 0.000000, 1.000000, 0.000000]
