image_width: 1280
image_height: 1024
camera_name: pylon_camera
camera_matrix:
  rows: 3
  cols: 3
  data: [1580.02671015, 0.000000,  642.93027705, 0.000000, 1580.6088144, 511.94289392, 0.000000, 0.000000, 1.000000]
# fx​,0,cx​;0,fy​,cy​;0,0,1
distortion_model: plumb_bob
distortion_coefficients:
  rows: 1
  cols: 5
  data: [-0.04482659 ,0.18528704 , 0.00001756 ,-0.00036261, 0.000000]
rectification_matrix:
  rows: 3
  cols: 3
  data: [1.000000, 0.000000, 0.000000, 0.000000, 1.000000, 0.000000, 0.000000, 0.000000, 1.000000]
projection_matrix:
  rows: 3
  cols: 4
  data: [1580.02671015, 0.000000,  642.93027705, 0.000000, 0.000000, 1580.6088144, 511.94289392, 0.000000, 0.000000, 0.000000, 1.000000, 0.000000]
