image_width: 1280
image_height: 1024
camera_name: pylon_camera
camera_matrix:
  rows: 3
  cols: 3
  data: [1578.6127998 , 0.000000, 647.45759191, 0.000000, 1579.16033987, 506.72708399, 0.000000, 0.000000, 1.000000]
# fx​,0,cx​;0,fy​,cy​;0,0,1
distortion_model: plumb_bob
distortion_coefficients:
  rows: 1
  cols: 5
  data: [-0.05173365,0.1712323 , -0.00105668 ,-0.00076087, 0.000000]
rectification_matrix:
  rows: 3
  cols: 3
  data: [1.000000, 0.000000, 0.000000, 0.000000, 1.000000, 0.000000, 0.000000, 0.000000, 1.000000]
projection_matrix:
  rows: 3
  cols: 4
  data: [1578.6127998 , 0.000000, 647.45759191, 0.000000, 0.000000, 1579.16033987, 506.72708399, 0.000000, 0.000000, 0.000000, 1.000000, 0.000000]
