image_width: 1280
image_height: 1024
camera_name: pylon_camera
camera_matrix:
  rows: 3
  cols: 3
  data: [1589.67966918, 0.000000, 629.53708614, 0.000000, 1589.15435084, 526.31463837, 0.000000, 0.000000, 1.000000]
# fx​,0,cx​;0,fy​,cy​;0,0,1
distortion_model: plumb_bob
distortion_coefficients:
  rows: 1
  cols: 5
  data: [-0.05618832,  0.23881124  ,0.00167855 ,-0.0012877, 0.000000]
rectification_matrix:
  rows: 3
  cols: 3
  data: [1.000000, 0.000000, 0.000000, 0.000000, 1.000000, 0.000000, 0.000000, 0.000000, 1.000000]
projection_matrix:
  rows: 3
  cols: 4
  data: [1589.67966918, 0.000000, 629.53708614, 0.000000, 0.000000, 1589.15435084, 526.31463837, 0.000000, 0.000000, 0.000000, 1.000000, 0.000000]
